0.8929118682763038
[[111949    741   2524   1051   1160   5996   2070   1199   2126    919]
 [   721  84079   1879    811    916   5181   1484    837   1453    764]
 [  2642   2007 472955   3595   3493  30120   8099   4524   9773   2698]
 [  1104    811   3407 217229   1366   7532   3920   2043   3156   1056]
 [  1206    996   3451   1464 152416   9342   2960   1670   2869   1200]
 [  4446   3180  18785   5974   5696 857911  13371   7359  16134   4426]
 [  2251   1546   8306   3970   3103  18973 505209   6262   7210   2261]
 [  1316    879   4474   2029   1844   9562   6265 227787   4164   1344]
 [  2241   1571   9471   3285   2941  20075   6883   4257 464750   2170]
 [   965    769   2683   1028   1152   6278   2254   1157   2080 113600]]