10 trees
0.985148942718555
[[ 12873      0      4      0     15      0    172      0      0      0
       0      6      3      0]
 [     0   5803      6      0      0      0      3      0      0      1
       0      1      1      0]
 [    13      7  24692      0     15      0     17      0      0      6
       0      5      4      0]
 [     0      0      0  51056      0     14      1     52      9      0
       5      0     34      0]
 [    14      0     10      0 149354      0     46     12      0      0
       0      0     26      0]
 [     0      0      0     28      1  19298      0      3      0      0
       0      0     10      0]
 [    18      2     17      0     31      0  62322      0      0     23
       8     46     15      3]
 [     2      0      1     85     24      2   2673  34450     15      0
       0      3     27      2]
 [     0      0      0     10      1      0      0      9  18331      0
       0      0     13      0]
 [     0      1      8      0      0      0     24      0      0  12495
       0     11      4      0]
 [     0      0      0      2      0      0      7      0      0      0
   14259      0      5      0]
 [     4      2      5      1      1      0   1059      2      0      4
       0  30838      0      1]
 [     6      2      7     32     43      4     83     37      4      8
       9      0  30865      0]
 [     1      0      0      0      0      0   2090      2      0      0
       0      0      2    696]]
100 trees
0.9853323411548199
[[ 12868      0      5      0     17      0    175      0      0      0
       0      6      2      0]
 [     0   5804      4      0      0      0      2      0      0      1
       0      1      3      0]
 [    12      9  24690      0     15      0     13      0      0      9
       0      5      6      0]
 [     0      0      0  51065      0     13      0     43      7      0
       4      0     39      0]
 [    11      0      7      0 149367      0     43     16      0      0
       0      0     18      0]
 [     0      0      0     22      0  19308      0      4      0      0
       0      0      6      0]
 [    15      2     19      0     23      0  62343      0      0     18
       8     38     16      3]
 [     2      0      0     81     10      1   2672  34476     13      0
       0      4     24      1]
 [     0      0      0     10      0      0      0     11  18335      0
       0      0      8      0]
 [     0      1      5      0      0      0     26      0      0  12503
       0      5      3      0]
 [     0      0      0      3      0      0      7      0      0      0
   14257      0      6      0]
 [     4      1      5      0      0      0   1063      1      0      9
       0  30833      0      1]
 [     6      0      5     25     39      8     80     38      9      9
       8      0  30873      0]
 [     1      0      0      0      0      0   2090      2      0      0
       0      0      1    697]]
