0.919165558195275
[[ 11592     32    161     67    304     32    416    124     50     69      26     69    129      2]
 [    38   5143     67     61    126     18    137     54     21     20       9     43     77      1]
 [   154     71  22402    138    594     58    480    221     74    121      50    173    218      5]
 [    75     48    134  47993    289    569    447    725    236     97      79    173    301      5]
 [   355    131    712    338 144212    126   1270    799    148    240     119    275    715     22]
 [    35     19     59    541    134  17978    173    128     38     28      34     74     97      2]
 [   314    132    488    458   1226    169  57172    531    201    384     192    522    666     30]
 [   115     61    158    836    863    164   3212  30935    295    115      83    134    297     16]
 [    56     21     72    245    136     42    184    339  16978     55      33     59    143      1]
 [    56     20    159     96    207     34    436    142     51  10975      51    151    162      3]
 [    37     18     66    116    121     29    265     74     19     50   13303     59    113      3]
 [   101     33    153    149    287     57   1499    170     55    160      42  29051    159      1]
 [   167     74    219    331    717    123    815    361    163    180      98    153  27686     13]
 [     5      2      3      8     12      2   2110      7      3      4       3      5     16    611]]
